  109
  114
   23
  124
   -8
   43
  102
   38
  -46
    4
  -35
  -36
  -62
    2
  -19
   86
  121
  -75
   49
  -52
  -53
  -60
   27
   61
 -109
  -28
  -72
   60
  -56
   82
  117
  -14
  -27
   44
   94
  119
  -67
  -22
  119
  -57
  105
  109
  -85
  -36
  100
 -102
  -34
  -23
  -57
  -45
   91
 -125
   32
    1
   66
  -84
  110
 -113
    6
  -87
   42
  -54
  -58
   36
   91
   -2
  -27
 -109
  -51
   89
  -14
   29
  -50
   98
  -54
   -4
 -120
   80
    9
   40
   30
   85
   77
  -24
  -29
  -30
  117
  -18
   22
  -39
   29
  124
    6
   28
 -125
  -26
 -125
  -81
   54
  110
  119
 -104
  -63
  120
  -34
 -127
 -104
   75
   31
  -69
 -105
   43
  -38
 -124
   36
   11
  -99
   74
 -120
  120
  -93
  -51
 -105
   -2
  -94
   48
  -74
 -118
  -83
   56
  -76
   59
  107
   31
   30
  -53
    8
   64
  119
  -52
  115
 -115
  -81
   56
  -19
   22
   -3
  122
  107
  -62
